16
0.00000000,0.00000000,0.00000000
1.00000000,0.00000000,0.00000000
2.00000000,0.00000000,0.00000000
3.00000000,0.00000000,0.00000000
0.50000000,0.86602539,0.00000000
1.50000000,0.86602539,0.00000000
2.50000000,0.86602539,0.00000000
3.50000000,0.86602539,0.00000000
0.00000000,1.73205078,0.00000000
1.00000000,1.73205078,0.00000000
2.00000000,1.73205078,0.00000000
3.00000000,1.73205078,0.00000000
0.50000000,2.59807611,0.00000000
1.50000000,2.59807611,0.00000000
2.50000000,2.59807611,0.00000000
3.50000000,2.59807611,0.00000000
33
1,0
2,1
3,2
4,0
4,1
5,1
5,2
5,4
6,2
6,3
6,5
7,3
7,6
8,4
9,4
9,5
9,8
10,5
10,6
10,9
11,6
11,7
11,10
12,8
12,9
13,9
13,10
13,12
14,10
14,11
14,13
15,11
15,14
21
4,1,5,2
5,2,6,3
0,4,1,5
8,4,9,5
9,4,5,1
1,5,2,6
9,5,10,6
10,5,6,2
2,6,3,7
10,6,11,7
11,6,7,3
12,8,9,4
4,9,5,10
12,9,13,10
13,9,10,5
5,10,6,11
13,10,14,11
14,10,11,6
8,12,9,13
9,13,10,14
10,14,11,15
1
0
0
1
1
0
0
1
1
0
0
1
1
0
0
1
